0 7 9 9 15 6 6 11 5
1 2 15 5
3 2 15 15
5 3 9 15 5
8 1 11
10 2 9 15
13 2 15 11
14 2 15 15
15 1 9
18 1 9
19 1 6
22 1 6
23 2 9 15
24 3 9 15 6
26 3 6 11 11
27 1 15
28 1 15
29 4 9 15 15 6
31 2 15 15
32 1 15
33 1 15
34 2 15 5
35 3 15 15 15
38 3 15 15 6
39 2 15 6
40 2 15 11
41 1 15
42 2 15 15
44 3 15 15 15
45 2 15 15
46 2 15 11
49 2 15 15
50 2 15 11
51 2 15 15
52 2 15 15
53 2 15 11
55 2 15 11
56 1 9
58 1 11
60 2 15 6
61 3 15 15 5
62 2 9 15
63 1 15
64 1 6
65 1 15
66 2 15 6
67 1 9
68 2 15 6
69 1 6
70 2 15 6
72 3 9 15 15
75 1 15
76 1 11
77 2 15 11
78 2 9 15
79 1 11
81 4 15 15 6 11
83 2 9 15
85 2 15 15
88 4 9 15 15 11
92 2 6 5
93 2 9 9
95 3 15 15 6
96 2 11 11
98 4 9 15 15 11
99 1 11
100 2 9 11
103 2 15 15
104 1 15
105 3 15 15 6
106 1 11
107 2 9 5
108 1 15
110 2 15 15
111 1 15
112 1 6
113 1 15
114 1 11
115 2 9 15
119 2 15 15
120 2 15 15
122 2 9 15
123 2 15 15
124 1 15
127 3 9 15 11
129 3 15 15 11
130 3 15 11 11
131 1 11
132 1 9
135 2 9 11
136 1 11
137 2 9 15
138 1 11
139 3 15 15 11
140 2 9 5
142 2 9 15
145 2 9 11
147 3 15 15 11
149 1 9
150 2 9 15
152 1 6
154 3 9 15 11
155 2 15 6
156 1 15
157 2 15 6
158 1 6
159 2 9 11
160 2 15 15
161 1 11
162 1 11
163 1 15
164 2 9 15
166 2 11 5
167 2 9 11
169 3 15 15 6
170 2 9 6
172 3 9 6 11
174 2 15 11
175 2 9 15
176 1 11
177 2 9 11