0 5 21 22 22 5 6
1 1 16
2 5 21 5 6 6 6
8 7 22 7 7 5 16 6 6
9 6 7 7 7 5 6 24
10 7 22 22 17 28 28 16 6
20 1 5
21 3 22 28 7
35 2 22 1
42 5 21 28 28 28 7
44 5 28 5 9 6 24
45 6 28 5 16 6 6 6
47 7 1 1 7 7 5 6 6
49 5 22 13 9 6 6
52 2 28 1
53 2 28 1
56 4 28 1 1 5
57 5 1 5 5 6 6
61 3 21 22 17
69 6 17 1 5 16 19 24
70 5 1 1 7 16 6
71 3 28 1 7
77 6 22 5 16 16 19 19
80 5 22 5 16 9 6
81 3 28 5 6
82 2 20 5
93 4 22 1 5 16
96 3 28 1 7
98 2 28 5
102 5 1 7 7 7 16
103 1 28
105 1 7
106 3 28 28 6
108 3 21 6 6
115 7 17 28 1 1 7 7 7
116 7 28 1 7 7 5 16 6
117 6 7 7 7 16 16 6
125 7 28 28 7 16 9 9 9
126 4 1 16 16 24
127 6 22 7 5 5 5 19
129 3 7 7 6
135 7 1 1 7 5 9 9 6
136 5 22 28 1 7 7
139 7 22 1 7 7 16 6 6
146 7 28 1 1 5 16 6 19
148 6 28 5 16 9 6 24
151 6 22 16 16 6 6 19
152 7 28 28 28 28 7 16 6
153 4 1 5 16 9
154 1 16
157 1 17
164 3 28 7 5
165 1 5
178 1 17
179 2 22 1
180 4 1 5 5 6
182 2 1 7
185 5 28 28 1 5 6
187 1 7
188 2 28 5
189 4 22 28 28 7
190 2 28 28
191 1 28
193 2 5 9
194 2 28 28
197 4 28 5 9 9
199 7 22 28 28 1 1 5 16
209 7 22 28 5 19 24 24 24
211 7 28 1 7 5 5 9 19
215 2 22 16
220 1 22
221 1 1
223 1 5
229 1 7
230 3 22 22 5
270 1 5
271 2 22 5
273 3 22 1 5
275 3 17 5 16
278 4 28 5 16 6
281 3 22 1 6
283 3 1 7 5
285 1 19
290 3 22 28 5
291 2 5 5
294 4 28 28 1 7
296 3 22 16 6
308 4 7 6 6 19
309 1 1
310 1 28
311 2 20 5
321 6 21 1 1 1 16 9
322 4 1 1 7 5
324 7 28 1 7 7 5 5 5
327 4 5 5 9 24
328 6 17 17 28 16 9 6
332 5 28 7 5 9 19
335 6 28 28 1 5 16 19
338 5 5 9 9 19 19
339 3 17 28 7
340 4 28 28 28 5
343 7 1 7 7 7 5 16 6
348 6 28 7 9 6 19 19
353 2 22 6
361 7 17 28 1 7 7 9 19
363 7 28 1 1 7 5 16 19
364 7 22 28 5 16 16 9 6
374 7 1 1 5 5 16 16 6
376 3 28 7 5
379 4 28 7 5 9
385 6 21 28 28 28 1 16
392 3 28 28 16
396 7 22 28 1 1 1 7 5
407 7 21 7 7 7 6 19 19
417 7 28 1 7 7 7 16 9
418 4 22 7 16 6
426 7 7 16 16 9 9 9 24
427 4 28 1 7 9
428 7 21 17 7 7 5 16 6
438 7 28 28 1 1 5 16 16
439 7 22 28 1 1 16 16 16
450 5 28 1 5 9 19
451 7 28 28 7 5 16 6 19
452 7 22 28 28 1 7 9 6
460 7 28 28 7 5 16 9 19
461 7 1 1 7 16 9 9 6
462 5 22 17 28 28 1
469 6 1 5 5 16 16 24
471 7 21 28 28 1 6 19 24
472 5 7 5 16 6 6
473 3 5 6 19
474 2 28 28
478 2 1 7
479 1 5
480 2 17 28
490 7 28 28 28 1 7 5 16
491 3 28 1 7
492 3 28 5 6
493 3 28 1 5
494 3 7 5 16
497 6 28 7 7 16 6 24
500 7 28 28 1 5 16 19 24
501 1 21
502 3 21 28 6
509 7 22 28 1 9 9 9 19
510 3 1 6 6
518 2 9 9
524 7 28 9 9 9 6 6 6
531 7 28 28 1 16 16 16 9
533 6 28 28 9 19 19 24
534 7 21 28 7 7 5 5 16
535 7 22 28 7 16 9 19 24
536 5 22 7 5 16 9
559 2 17 6
560 6 28 1 7 7 6 6
566 5 28 7 16 16 6
567 6 28 1 7 5 6 6
568 5 13 1 5 5 16
577 7 28 28 28 7 9 6 19
579 7 21 22 28 28 1 5 5
580 6 1 5 5 9 6 6
583 7 28 7 5 16 16 9 6
584 4 22 28 7 5
586 6 21 28 7 16 16 16
588 5 1 7 7 5 19
590 4 28 28 28 5
595 4 1 7 16 19
596 2 28 6
600 3 28 1 5
605 6 28 1 7 7 7 19
608 7 1 7 7 5 16 6 6
610 2 28 28
612 1 6
618 6 7 7 5 16 9 9
622 7 22 28 28 1 7 9 6
631 7 21 28 9 6 19 19 19
632 7 1 7 7 16 19 24 24
639 7 28 1 1 1 1 7 7
641 7 7 5 16 9 9 6 6
642 3 21 28 28
650 7 28 1 5 16 16 16 9
651 7 22 28 28 9 19 24 24
652 5 28 7 7 5 16
653 2 28 5
663 6 1 7 5 5 9 6
664 4 21 28 28 1
665 5 1 1 7 7 5
673 7 22 28 1 16 16 19 24
674 3 22 1 16
675 7 22 28 1 5 16 6 19
683 4 20 28 5 16
685 1 1
687 1 1
694 7 1 1 1 7 5 5 6
695 5 1 1 5 16 6
696 3 22 28 1
698 5 28 1 7 5 6
708 2 28 28
717 7 17 28 7 7 16 9 6
718 2 28 1
720 7 1 1 7 5 5 6 6
722 5 22 28 28 28 28
724 3 7 7 16
725 3 21 28 5
727 4 1 5 5 16
728 3 28 6 6
734 6 22 5 9 6 24 24
735 6 22 1 1 5 6 24
744 7 28 7 7 16 16 6 19
751 5 1 7 16 16 6
752 5 28 1 5 5 5
759 3 7 9 19
760 2 17 1
765 5 7 5 5 9 19
768 7 1 1 1 5 5 5 6
769 4 21 5 6 19
770 1 16
777 6 28 7 6 19 24 24
779 3 1 16 19
780 2 22 22
784 2 22 16
790 5 5 16 16 6 24
794 1 28
800 4 22 7 7 7
801 1 22
843 2 28 5
844 1 1
845 3 17 28 28
849 6 22 1 7 7 5 16
851 6 28 1 7 16 6 19
853 5 21 7 5 16 6
854 2 7 16
855 3 22 28 7
857 5 28 5 6 19 24
859 4 5 5 16 9
861 5 5 16 16 6 6
862 1 28
863 2 22 5
864 1 5
865 2 5 6
869 3 7 7 6
870 6 28 28 5 5 6 6
873 2 1 1
875 1 28
884 2 17 28
885 2 7 5
886 2 28 7
887 4 21 22 1 7
896 7 21 28 7 5 19 19 24
897 4 1 5 16 16
904 7 28 1 1 1 16 16 16
906 6 21 22 28 1 5 6
919 6 22 1 7 16 16 6
930 7 28 28 1 7 5 9 9
931 7 16 9 9 6 6 6 19
941 5 22 28 1 5 24
946 6 7 7 5 5 5 16
949 7 21 28 1 7 5 5 5
951 3 21 9 19
958 7 13 28 5 9 6 6 6
959 7 17 28 1 1 7 5 9
968 7 28 28 7 16 16 16 9
971 7 21 28 1 9 9 19 24
980 6 1 7 5 19 19 19
981 7 22 28 28 7 16 6 6
982 7 21 7 7 7 5 9 9
992 7 28 7 5 16 9 19 24
994 6 28 1 9 6 24 24