0 6 10 10 10 27 27 9
5 7 34 20 23 13 0 15 14
6 7 27 13 0 0 15 15 28
7 7 20 13 15 15 14 28 28
8 6 27 27 23 23 23 0
9 5 27 23 23 0 0
11 7 10 20 13 24 15 28 28
13 7 10 27 20 0 24 14 28
16 7 20 23 13 13 0 24 15
19 7 19 34 34 34 20 20 23
21 7 10 19 13 13 24 15 15
28 7 10 34 23 0 0 0 9
41 7 10 27 23 0 9 24 24
42 7 34 34 20 20 0 0 9
43 7 20 23 13 13 9 9 9
44 7 34 20 0 24 15 14 14
46 7 34 34 20 13 13 13 0
47 7 27 9 9 9 24 24 14
50 7 34 20 13 13 0 24 28
51 7 34 23 23 13 9 9 24
52 7 27 19 34 20 13 0 24
53 7 34 34 34 20 20 23 23
54 7 27 27 20 20 23 0 0
59 5 20 0 0 24 15
60 7 10 19 34 20 0 9 24
67 7 20 20 0 0 0 24 24
68 4 13 24 15 15
73 7 20 20 23 13 0 0 24
74 7 10 19 34 20 20 23 13
76 7 27 24 24 15 15 14 28
85 7 34 20 20 20 23 0 24
86 7 10 27 34 13 24 15 15
87 7 27 34 34 20 23 13 13
88 7 34 20 13 13 0 9 9
94 7 34 13 13 13 0 9 15
95 7 10 20 20 23 23 13 13