0 3 3 3 16
1 7 13 33 33 16 16 16 21
2 6 16 21 21 6 1 1
3 6 3 13 6 6 1 17
7 7 19 6 6 6 1 35 17
11 7 13 33 33 33 16 21 6
13 4 13 16 6 6
14 7 33 33 16 19 19 6 17
15 7 10 16 21 1 35 35 17
16 7 10 13 16 21 6 17 17
17 3 10 17 17
18 4 10 21 35 17
39 7 13 33 6 1 35 35 35
40 7 33 33 16 16 16 1 1
41 7 3 3 16 16 19 21 35
42 7 33 21 21 21 6 1 35
43 7 13 33 16 35 17 17 17
44 7 16 19 19 1 1 1 1
46 7 13 33 33 19 19 21 6
51 7 33 1 35 17 17 17 17
53 5 13 33 16 35 35
55 7 3 13 33 16 1 1 1
56 5 21 6 1 35 35
57 7 10 13 16 19 19 21 1
58 7 13 33 21 6 1 1 35
59 7 13 13 19 19 6 6 35
60 5 10 13 21 35 17
70 7 13 16 19 21 6 6 1
73 7 19 6 1 1 1 1 35
74 5 13 13 13 35 17
76 7 13 16 19 21 6 6 17
86 7 33 16 16 1 17 17 17
87 6 3 16 19 1 17 17
89 7 3 16 16 19 6 35 35
91 6 13 33 21 21 6 35
93 6 10 13 33 21 21 35
99 7 13 19 6 6 1 1 35
101 7 13 13 16 19 19 6 1
102 7 33 33 16 21 6 1 35
103 7 3 10 6 6 1 35 17
106 5 10 33 33 21 35
117 7 13 13 33 33 16 1 1
124 3 1 35 17
126 6 10 21 6 1 1 1
138 7 13 33 33 1 35 35 17
139 7 13 13 33 33 6 35 17
140 5 16 6 6 35 35
141 7 30 30 13 33 33 16 21
148 5 3 1 1 35 35
152 6 13 21 21 1 35 35
154 7 10 13 36 16 19 21 21
163 7 33 16 19 19 19 6 35
164 7 13 13 13 13 19 19 6
165 5 3 13 6 6 17
166 7 13 33 33 33 6 6 35
181 7 10 13 13 13 13 33 33
182 7 3 16 16 21 6 6 35
185 5 13 21 21 1 17
193 7 13 16 19 19 19 21 35
195 4 22 13 6 35
196 5 16 1 1 1 17
197 7 13 33 16 16 21 6 6
198 6 13 13 6 1 35 35
199 7 3 30 13 33 21 21 6
201 5 1 1 1 35 17
213 7 10 13 21 21 6 1 1
214 7 16 6 6 1 1 35 35
215 7 33 16 19 21 21 21 1
218 7 13 13 13 33 33 21 6
221 5 19 19 21 6 6
228 7 13 33 16 19 21 1 1
230 5 13 33 16 19 17
231 7 16 16 16 21 1 35 17
233 5 10 21 21 35 17
234 7 13 33 16 6 1 35 17
236 5 10 13 21 21 35
241 5 13 16 19 21 6
242 7 33 33 16 19 19 6 6
243 6 16 16 21 21 1 17
244 7 10 13 13 13 6 6 1
247 7 30 33 16 1 1 1 1
253 3 3 33 35
257 7 13 16 16 16 19 6 6
258 6 16 21 6 35 35 17
259 7 13 13 33 19 21 21 21
260 7 13 16 19 21 21 21 6
267 7 33 16 21 21 21 6 1
268 6 16 19 6 1 1 17
269 7 3 13 13 19 6 6 1
271 7 13 13 33 16 21 35 35
272 7 33 21 6 35 35 35 17
276 6 13 33 19 19 21 35
285 7 30 33 16 6 6 6 1
286 7 30 13 16 21 1 1 35
287 7 33 16 6 35 35 35 17
288 4 19 21 35 17
290 7 13 21 1 1 1 1 1
292 7 30 33 19 6 6 35 35
294 5 22 19 1 1 35
296 7 13 33 19 19 1 17 17
297 3 1 1 17
300 7 13 13 13 19 19 35 17
310 5 13 16 1 1 35
311 6 10 1 35 35 17 17
312 7 13 13 33 19 19 6 35
315 7 10 13 13 33 16 1 1
317 7 13 13 33 33 16 1 35
319 2 13 21
325 7 13 16 19 21 6 6 17
329 7 33 33 16 19 21 21 6
331 2 6 1
333 3 10 1 35
334 7 13 33 21 1 1 35 35
335 6 10 33 33 33 21 21
341 7 13 33 33 19 6 35 17
342 5 30 33 19 21 35
343 4 6 35 17 17
345 3 13 1 17
348 7 13 33 16 16 21 6 1
349 5 3 21 21 6 1
353 7 13 13 33 19 19 1 35
355 5 13 6 1 1 1
356 6 33 33 33 16 16 21
357 7 13 33 6 6 6 1 35
358 7 13 13 16 19 6 1 35
359 4 1 35 17 17
363 6 10 6 1 1 1 35
364 6 13 19 19 21 1 17
365 5 10 6 6 17 17
366 7 13 33 16 19 21 1 35
367 7 16 19 21 21 21 6 6
368 7 33 16 21 1 1 35 17
371 3 21 1 35
372 7 13 33 16 6 1 1 17
373 7 13 13 33 16 21 21 21
374 7 33 16 1 1 1 1 17
383 5 13 21 6 35 17
386 5 33 16 21 1 1
387 6 33 33 16 19 6 1
388 7 13 13 16 6 6 1 35
389 5 33 33 16 16 21
390 7 16 19 19 21 21 6 6
391 7 13 21 21 21 6 1 35
392 4 3 13 21 1
393 7 13 16 16 19 19 21 21
396 5 21 21 35 17 17
397 7 13 16 21 6 6 1 1
399 7 10 13 33 19 6 6 1
401 5 33 6 1 1 1
402 7 13 33 16 21 1 1 1
405 7 16 16 19 6 6 1 17
406 7 30 33 19 19 1 1 1
407 7 19 21 21 21 6 1 17
408 7 13 33 33 6 1 35 35
410 6 3 16 21 6 35 17
413 3 10 6 17
422 4 10 21 35 17
426 7 33 16 16 16 6 6 6
436 7 16 19 19 21 21 6 6
437 7 13 33 1 1 35 35 35
445 5 33 33 21 1 35
446 4 3 22 1 1
447 3 6 35 17
448 6 13 16 19 21 6 1
449 7 30 13 33 19 21 21 6
451 4 3 13 1 17
455 7 13 33 33 21 35 17 17
456 3 33 16 6
457 4 13 21 35 17
458 7 13 19 21 21 21 21 1
459 6 13 13 16 6 35 17
460 7 13 33 19 21 21 1 17
462 6 21 6 6 35 35 17
463 6 3 1 1 35 35 17
464 5 33 21 6 35 17
465 4 10 33 21 6
479 4 13 19 1 17
480 6 33 33 33 16 16 21
482 7 33 16 19 21 21 6 1
489 6 13 33 1 17 17 17
490 7 3 13 33 16 21 21 21
498 7 13 13 13 33 19 21 1
501 5 13 33 33 17 17
502 7 33 16 19 21 21 21 1
505 7 10 13 33 21 6 1 1
513 6 33 33 33 33 33 35
515 3 21 21 21
516 7 13 13 19 21 21 1 35
519 6 13 6 35 35 35 17
521 7 3 13 16 16 21 21 6
522 7 13 13 33 19 6 35 35
527 7 33 33 16 19 19 19 6
529 7 13 33 16 6 1 1 1
531 7 13 33 33 16 16 19 19
532 7 13 16 6 1 35 17 17
534 3 1 1 35
535 3 3 13 6
537 7 30 13 33 33 21 6 6
545 7 13 33 6 1 1 1 35
546 4 33 6 1 35
547 6 13 21 21 1 35 35
550 7 33 19 19 19 21 21 1
552 7 33 16 6 1 35 35 17
560 7 3 33 33 16 16 16 6
564 4 13 6 35 17
565 7 33 16 16 21 35 35 35
569 2 10 1
570 7 22 21 1 35 17 17 17
577 7 13 13 19 21 6 1 35
578 5 33 21 21 6 1
579 7 13 13 33 33 33 16 21
580 7 13 6 6 6 17 17 17
581 7 13 33 33 16 21 21 6
593 6 13 33 1 1 17 17
594 7 30 30 13 33 21 6 6
596 7 13 16 19 6 6 1 1
600 7 3 33 21 21 1 35 35
602 5 3 13 6 6 17
605 5 13 21 21 6 17
607 7 13 33 16 19 19 21 6
610 7 19 19 21 6 1 35 17
616 4 13 13 19 1
617 7 3 3 13 33 16 19 21
619 7 13 13 16 19 6 6 35
634 6 10 13 33 33 35 17
635 7 10 13 21 21 21 6 17
636 7 3 16 21 6 6 1 35
654 3 13 33 33
655 7 13 33 19 1 1 35 35
656 7 33 19 21 35 17 17 17
658 6 33 21 35 35 17 17
663 7 10 33 33 33 16 1 35
664 5 21 21 6 35 17
665 7 10 13 16 16 19 19 21
666 6 13 13 19 21 6 35
670 7 33 16 16 21 1 1 35
671 7 3 19 6 1 35 35 35
673 4 13 19 6 1
674 2 17 17
675 7 16 16 16 19 21 6 6
687 7 10 33 16 21 21 1 1
689 7 10 13 21 6 1 1 17
690 6 13 13 16 16 6 1
692 7 33 16 21 21 1 1 1
695 6 16 16 21 21 6 35
696 7 13 16 16 16 19 21 21
697 7 33 21 21 6 6 1 1
698 7 10 21 6 6 35 35 35
699 7 33 16 16 19 21 6 1
701 4 16 21 17 17
706 6 21 21 6 1 35 17
707 7 3 13 19 19 19 6 1
708 6 13 33 16 21 6 6
709 7 13 16 6 6 1 35 35
710 6 13 13 16 16 1 17
712 7 13 33 33 16 19 6 17
716 7 13 21 1 1 35 17 17
720 7 33 16 19 1 35 35 17
721 4 30 21 1 17
722 7 13 21 21 1 1 35 35
723 7 33 33 33 16 19 6 1
724 6 13 33 16 19 1 17
725 7 13 33 33 33 16 16 16
726 7 33 16 16 16 19 6 1
727 7 21 21 6 35 35 35 17
728 7 13 33 33 6 1 35 17
730 7 33 16 16 16 6 1 1
732 7 3 33 16 19 6 35 17
735 7 13 19 19 21 6 1 17
745 3 13 13 21
746 7 3 33 33 21 6 1 1
749 7 13 19 21 6 1 1 1
750 4 19 6 6 1
760 7 13 33 33 19 19 1 17
761 7 13 16 19 6 6 6 35
762 7 19 21 6 6 1 35 35
765 7 13 13 33 19 1 1 35
769 7 13 33 36 21 6 6 1
770 7 30 13 33 19 19 1 35
771 3 13 21 6
778 7 33 6 6 6 1 35 17
780 7 30 30 33 21 6 1 35
781 4 13 33 33 21
783 5 33 1 35 35 17
784 5 13 21 6 35 17
785 5 13 13 21 21 35
786 7 13 33 16 16 16 21 6
789 4 21 6 35 17
793 7 16 16 16 21 21 1 35
794 7 10 13 13 13 33 21 21
796 5 13 16 21 21 6
803 7 33 19 21 6 6 17 17
806 7 3 13 13 13 33 33 21
811 7 13 33 16 21 21 6 35
820 7 10 16 16 16 16 19 35
823 4 33 6 1 35
828 3 13 13 6
829 7 13 19 21 21 6 35 35
830 7 33 33 16 16 19 19 1
837 7 13 13 13 13 6 1 35
840 6 10 33 21 21 6 6
843 6 3 13 33 21 17 17
845 5 22 21 6 1 35
851 3 6 6 1
852 3 21 6 17
854 7 13 33 19 21 35 17 17
857 5 30 13 33 1 17
858 5 13 16 16 21 21
859 7 13 13 33 16 21 21 35
861 7 10 16 6 6 6 1 35
868 5 13 13 16 35 35
869 5 13 13 13 1 17
870 6 33 16 6 35 17 17
872 7 33 16 19 19 6 6 35
877 4 13 13 6 1
878 7 33 33 33 16 21 21 1
882 7 30 10 19 19 19 6 6
885 5 16 21 21 35 17
888 6 10 13 6 1 35 35
893 7 13 13 6 1 35 35 17
894 7 33 33 16 19 21 21 35
896 7 13 16 6 1 1 35 35
897 7 16 16 19 21 35 35 35
898 6 13 13 19 21 21 6
900 7 16 19 6 1 35 35 17
905 7 33 33 33 21 21 21 6
906 7 13 13 33 21 21 35 17
910 2 13 13
911 7 3 13 16 21 21 35 35
914 7 13 13 16 21 6 1 1
915 4 33 16 35 17
917 7 13 13 13 21 1 35 35
920 7 33 16 21 21 1 35 17
923 7 22 33 16 16 6 35 35
925 7 13 13 19 21 21 6 6
926 6 13 13 19 35 17 17
927 7 13 33 19 21 21 1 1
928 7 3 33 33 16 19 19 21
929 7 13 33 21 6 6 6 6
939 7 33 19 21 6 6 35 17
942 6 30 6 6 1 1 17
945 7 13 13 13 16 21 6 35
947 7 13 13 33 19 6 6 1
948 7 33 19 19 19 21 35 17
950 5 13 6 1 35 17
960 7 13 33 16 16 16 21 1
962 6 33 33 16 21 6 35
963 6 3 33 19 21 21 17
965 6 13 13 33 21 21 6
967 6 33 19 19 6 35 17
969 3 33 6 35
972 4 13 6 35 35
973 4 10 6 1 1
975 6 33 16 16 6 1 17
978 5 16 16 21 1 17
979 5 33 19 6 6 35
981 7 13 13 13 13 16 21 1
982 7 33 33 33 19 1 1 1
985 7 13 33 6 1 17 17 17
986 7 13 13 16 21 21 35 35
987 4 16 6 1 17
997 5 3 33 16 21 6
999 7 30 13 33 33 19 19 19
1005 7 13 33 16 16 1 1 17
1013 5 16 21 6 6 35
1015 7 3 10 16 16 16 21 1
1024 7 33 33 16 16 1 1 17
1027 7 13 33 33 21 1 17 17
1028 5 33 16 21 21 17
1029 6 30 10 6 6 1 35
1032 4 10 6 35 35
1042 7 21 21 21 1 35 35 35
1043 7 33 16 19 21 6 6 1
1049 4 10 21 17 17
1052 6 10 19 19 21 6 35
1054 6 13 13 6 35 17 17
1056 7 13 33 33 33 16 19 21
1057 7 13 33 33 21 21 1 35
1058 7 30 13 21 21 6 35 35
1061 6 10 33 6 6 1 17
1064 7 10 13 21 1 35 35 17
1070 1 21
1071 7 10 13 13 33 6 35 17
1072 7 3 33 21 6 1 35 35
1073 7 33 16 16 16 1 1 1
1075 7 33 16 16 19 35 35 17
1086 7 13 13 16 16 19 21 1
1087 4 13 13 33 1
1088 7 16 16 16 21 6 35 35
1089 3 3 21 6
1090 5 33 19 21 1 17
1100 6 10 13 33 21 21 1
1103 7 13 33 16 16 19 21 6
1106 7 10 33 19 19 6 1 1
1107 7 36 19 1 1 1 17 17
1108 4 10 33 21 6
1116 7 13 19 21 21 21 21 35
1118 6 13 13 21 35 17 17
1121 4 30 21 1 35
1123 3 21 1 35
1124 7 13 13 16 16 21 21 21
1126 2 35 35
1127 7 3 33 36 16 16 21 1
1129 7 33 33 16 16 21 1 35
1130 7 22 33 21 6 6 6 1
1132 7 13 33 16 21 1 1 35
1133 7 13 33 19 21 21 21 6
1134 7 13 13 33 6 17 17 17
1135 7 33 33 16 16 6 1 1
1141 7 30 33 16 16 6 6 1
1143 6 13 33 33 21 6 1
1144 7 33 33 33 19 21 6 17
1146 7 33 16 16 21 35 35 17
1147 7 13 13 33 33 16 19 21
1149 7 13 33 16 19 19 21 21
1151 7 13 13 6 6 1 1 35
1152 7 33 19 21 21 1 35 17
1154 4 13 16 21 21
1157 7 16 21 21 21 6 1 35
1161 6 10 33 33 6 1 17
1162 7 13 21 6 6 1 1 17
1164 7 30 33 21 1 1 35 17
1165 5 19 6 1 35 35
1166 7 13 16 16 16 19 19 21
1169 7 10 13 19 21 21 21 6
1171 5 10 33 21 21 1
1179 7 33 16 19 21 6 6 17
1181 7 30 13 21 21 6 35 17
1183 3 13 6 17
1187 7 13 33 16 16 19 21 6
1188 7 3 16 19 21 6 6 6
1193 7 30 13 33 19 6 35 17
1196 6 13 16 21 6 1 17
1197 7 13 33 16 21 6 1 35
1204 6 30 30 19 19 6 35
1206 7 33 16 19 19 6 6 1
1210 5 33 16 21 35 17
1211 6 13 13 6 6 35 35
1212 6 10 6 6 6 1 17
1217 6 16 19 21 6 1 1
1222 6 33 33 16 16 21 6
1225 7 13 19 19 21 21 1 35
1227 7 33 33 33 16 21 21 35
1233 7 13 33 6 1 17 17 17
1234 7 13 13 21 35 35 35 17
1235 7 13 33 6 6 6 1 1
1236 7 22 22 21 6 1 35 35
1245 5 13 16 16 6 1
1247 5 30 13 21 1 17
1252 7 19 19 21 21 6 1 17
1253 7 3 30 13 13 16 16 6
1261 7 33 19 19 6 1 17 17
1266 7 13 33 16 21 6 35 17
1267 7 13 13 19 1 35 35 17
1268 6 13 13 6 1 17 17
1269 5 13 33 6 35 35
1270 7 13 13 16 19 21 21 6
1275 7 33 21 21 35 35 35 35
1276 7 13 33 21 6 1 1 1
1277 7 13 21 21 6 6 35 35
1280 7 13 33 33 33 21 6 6
1282 4 35 35 35 17
1283 2 22 17
1287 7 30 33 16 6 1 1 35
1290 7 13 19 21 21 6 1 1
1292 6 13 13 1 35 35 17
1293 7 13 33 33 33 21 6 35
1294 4 13 33 35 17
1295 4 33 21 1 17
1298 6 21 21 21 6 1 17
1299 7 3 13 6 35 17 17 17
1310 6 33 16 21 21 6 6
1311 6 13 1 1 1 35 17
1312 7 13 33 16 16 21 1 1
1313 6 16 19 21 1 35 17
1314 7 13 16 16 16 6 1 35
1315 7 3 13 33 16 19 19 21
1316 2 33 17
1317 7 30 21 6 6 35 35 17
1330 7 22 13 13 16 16 19 6
1333 7 10 13 13 33 33 16 21
1334 7 13 16 16 16 21 1 35
1349 7 10 13 21 6 1 1 35
1354 7 33 16 16 6 6 1 35
1357 5 30 10 6 1 35
1367 7 21 21 21 6 6 1 35
1373 6 3 10 16 16 21 17
1378 6 13 33 6 1 35 17
1380 7 10 13 13 33 19 6 6
1381 6 33 33 19 6 1 1
1384 7 30 13 13 33 21 21 6
1388 5 21 6 6 35 17
1390 3 21 21 35
1392 6 16 6 1 35 17 17
1393 3 30 6 35
1399 7 13 33 33 33 19 21 6
1400 7 30 16 6 1 35 35 35
1406 6 33 6 1 1 35 35
1407 7 3 13 13 33 33 16 16
1408 6 3 21 21 35 17 17
1409 6 13 13 33 6 1 17
1422 7 30 13 33 21 21 1 35
1423 7 13 13 13 33 6 1 17
1424 4 13 19 6 1
1425 7 13 13 33 33 16 21 17
1426 7 33 33 16 19 1 1 35
1441 6 33 16 16 19 1 35
1442 6 13 21 21 21 17 17
1443 7 3 10 33 21 21 6 6
1461 7 13 19 21 21 21 6 35
1462 7 3 13 16 16 21 35 17
1466 4 10 21 1 35
1472 6 33 33 6 1 35 17
1476 7 33 33 19 19 21 6 6
1477 7 13 16 16 19 1 1 35
1478 7 3 13 33 21 6 35 35
1479 6 30 13 13 1 17 17
1487 7 13 33 16 21 6 6 6
1488 7 33 1 35 35 35 17 17
1489 4 10 21 1 35
1492 6 30 6 6 1 17 17
1495 6 13 33 19 6 1 35
1496 6 33 21 21 6 6 1
1497 7 16 16 21 6 1 17 17
1499 4 33 21 1 17
1501 7 10 16 6 6 35 35 35
1502 4 19 21 6 35
1511 7 16 19 21 6 6 6 35
1512 6 10 6 6 1 35 17
1514 6 13 21 6 6 1 17
1515 4 1 35 17 17
1517 6 13 13 16 1 1 17
1520 7 3 33 19 21 6 6 6
1521 7 22 13 13 16 6 6 6
1523 6 13 33 16 21 35 17
1524 7 33 16 16 6 1 35 35
1525 4 33 21 17 17
1534 7 30 30 13 33 33 6 35
1535 7 33 16 16 21 35 35 35
1537 5 3 1 35 35 35
1540 6 33 19 19 19 21 1
1541 7 13 19 1 35 35 17 17
1555 7 13 13 33 6 6 6 6
1558 5 33 21 6 6 1
1559 7 13 13 13 33 33 16 21
1574 7 3 13 21 21 21 1 1
1575 7 3 10 16 21 21 6 35
1589 7 13 13 16 19 21 21 6
1591 7 3 13 33 33 16 21 21
1593 7 16 19 19 21 21 6 35
1608 7 13 13 33 21 21 1 17
1609 7 30 30 16 19 21 6 1
1610 7 13 13 33 6 6 6 35
1621 4 16 1 1 35
1622 7 16 21 21 6 6 17 17
1623 7 16 19 19 6 6 6 35
1624 6 3 13 13 33 1 17
1628 6 13 33 33 33 19 1
1632 7 10 13 33 16 21 6 1
1636 7 13 33 33 21 1 35 35
1637 4 33 21 21 6
1638 7 22 33 33 16 19 19 21
1639 5 30 6 1 35 17
1640 5 13 33 21 6 35
1641 6 13 13 33 1 17 17
1648 5 10 33 1 1 35
1654 7 13 13 33 16 21 1 1
1655 7 13 13 13 16 21 1 17
1656 7 13 13 33 16 19 6 1
1658 7 13 33 33 33 21 1 35
1668 3 21 1 35
1670 6 13 6 6 35 17 17
1671 4 3 13 35 17
1679 7 13 13 13 13 6 6 1
1680 7 13 13 33 33 1 1 1
1681 7 13 33 19 21 6 1 35
1682 7 16 16 19 21 6 1 17
1683 7 13 16 19 19 21 6 6
1685 5 10 33 33 35 17
1687 7 33 33 16 16 19 21 6
1688 7 16 19 21 21 21 6 1
1695 6 13 33 16 6 1 1
1696 4 21 6 35 35
1697 7 3 10 13 19 21 21 1
1706 7 33 16 16 19 19 21 6
1709 6 10 13 16 21 21 6
1710 6 21 6 6 1 17 17
1711 5 33 19 19 21 35
1719 7 33 16 19 21 21 6 6
1721 6 13 33 33 21 21 6
1722 7 33 16 19 19 21 6 35
1725 7 13 13 16 19 19 21 1
1728 7 33 19 21 21 21 1 35
1730 3 21 1 1
1731 3 33 33 17
1732 7 30 33 16 21 6 35 17
1733 6 16 21 1 1 35 17
1734 7 22 33 21 6 6 17 17
1736 7 13 33 16 19 19 19 6
1737 7 10 16 21 6 6 6 1
1738 7 13 36 19 21 6 1 1
1740 7 30 13 33 16 19 19 19
1745 6 10 21 35 35 17 17
1746 7 13 13 13 19 6 6 1
1747 7 13 16 19 19 21 6 35
1755 7 19 19 19 21 21 6 6
1761 7 10 21 6 6 6 35 35
1764 7 3 13 33 16 16 6 1
1765 7 33 21 1 1 35 17 17
1771 5 30 33 16 1 17
1773 7 13 33 21 21 1 1 35
1779 7 13 13 33 19 21 35 17
1781 4 30 35 35 17
1782 3 13 33 6
1787 7 33 33 33 21 6 6 6
1790 7 33 19 21 21 6 1 1
1794 7 33 19 19 21 21 21 1
1796 7 13 33 33 16 19 19 1
1797 7 13 13 19 21 21 6 1
1798 5 13 21 1 1 17
1801 4 33 6 35 17
1802 7 3 13 16 16 21 21 6
1811 5 13 19 1 1 35
1812 6 13 33 33 35 17 17
1818 7 13 33 33 16 21 21 21
1820 7 3 13 13 16 21 21 6
1821 6 30 13 19 21 1 1
1831 4 33 33 6 17
1835 4 21 6 35 17
1836 6 13 16 19 1 35 17
1838 6 30 21 1 1 35 17
1839 7 16 19 19 21 6 6 1
1845 7 13 33 16 6 6 35 35
1846 5 10 33 6 6 35
1850 7 13 33 21 6 1 1 35
1852 4 10 21 6 35
1853 7 13 13 16 19 6 1 35
1854 7 3 13 33 16 19 6 17
1864 2 35 35
1865 5 10 21 6 35 17
1868 7 30 13 13 33 6 6 35
1869 6 30 21 21 6 1 1
1873 6 33 16 16 19 1 1
1875 5 30 13 21 21 17
1878 7 10 13 21 6 35 17 17
1888 7 30 13 33 6 6 1 1
1891 7 3 13 13 33 33 16 6
1901 7 33 19 21 6 35 35 17
1908 6 10 21 6 1 35 35
1910 7 13 33 33 21 6 1 35
1912 7 22 21 6 6 6 6 1
1914 7 13 33 16 21 6 1 1
1915 4 16 21 21 35
1916 4 10 33 21 17
1918 7 22 6 6 1 1 35 35
1928 6 30 21 21 6 1 1
1929 7 16 21 6 6 1 1 35
1930 7 13 13 13 16 21 1 35
1935 7 30 36 19 19 21 6 6
1942 7 3 33 16 19 21 21 1
1944 7 33 21 21 21 6 6 17
1945 7 22 33 33 33 19 21 6
1949 7 13 33 19 21 21 6 6
1950 7 13 33 19 19 1 35 35
1951 7 13 13 16 16 19 21 6
1956 6 13 33 19 21 1 35
1958 7 3 10 13 16 19 21 6
1959 6 13 16 6 1 17 17
1975 7 16 19 19 21 21 6 35
1976 7 10 33 16 21 1 35 35
1977 7 13 33 21 1 1 35 35
1979 2 17 17
1981 7 33 16 16 19 19 6 1
1982 4 13 13 13 33
1984 7 13 33 16 19 21 6 1
1992 7 22 13 16 6 35 35 17
1993 7 33 19 21 21 6 1 1
1994 7 30 13 16 21 1 35 35
1997 6 22 21 6 35 17 17
2000 7 10 33 33 19 6 1 17
2001 7 13 16 19 21 1 1 17
2002 6 33 19 6 1 1 17
2003 4 10 33 33 21
2008 6 22 13 6 1 35 35
2010 4 33 21 35 35
2011 7 10 13 16 6 1 17 17
2017 3 33 35 17
2020 7 33 33 33 33 16 19 1
2023 5 10 21 35 17 17
2024 7 10 10 13 33 16 16 19
2031 7 13 13 21 21 21 6 1
2033 6 13 13 1 1 17 17
2034 7 10 13 16 16 19 19 1
2035 7 33 16 21 6 1 1 17
2036 7 33 33 21 6 35 35 17
2046 7 16 16 16 19 6 6 1
2047 7 3 13 33 33 36 16 16
2049 7 33 16 21 21 1 1 17
2050 3 1 35 17
2051 5 33 21 1 1 17
2052 7 3 13 33 16 19 19 21
2059 7 13 13 13 21 6 6 6
2061 7 13 33 16 19 21 6 6
2062 5 33 21 1 35 17
2063 7 33 33 19 21 6 1 1
2064 5 10 6 1 1 17
2066 7 13 33 19 19 21 6 6
2072 7 13 33 16 19 19 6 6
2076 6 33 21 6 1 35 35
2077 7 33 33 33 21 21 1 35
2078 6 21 6 6 1 17 17
2084 6 13 1 1 1 1 17
2085 7 33 16 21 21 1 1 17
2086 7 3 13 13 21 21 6 35
2090 5 13 33 6 17 17
2091 5 19 6 6 17 17
2095 5 22 13 21 1 17
2097 7 13 13 33 21 6 6 1
2098 6 33 16 1 1 35 35
2099 7 21 6 1 35 35 35 17
2100 7 3 33 16 19 21 1 35
2101 4 6 1 35 17
2103 6 33 33 33 16 19 6
2104 7 10 13 13 6 1 35 17
2105 6 13 13 13 33 19 35
2114 7 13 13 33 33 21 6 1
2117 6 13 33 19 1 35 17
2118 7 3 30 33 33 21 6 1
2132 7 33 33 19 19 6 6 35
2133 7 13 33 33 6 1 1 35
2134 4 13 1 17 17
2137 4 13 13 16 17
2138 6 16 19 21 1 35 35
2146 7 33 21 21 21 6 1 35
2147 7 13 33 19 19 6 6 1
2149 6 16 19 21 35 35 17
2151 7 13 13 19 21 6 6 6
2152 5 13 6 1 17 17
2153 6 13 33 16 21 21 17
2154 6 13 16 19 19 1 17
2155 7 13 13 33 21 6 6 35
2157 7 10 13 13 33 33 1 17
2162 7 33 19 21 21 21 21 6
2163 7 33 19 6 6 6 1 1
2165 7 30 19 6 6 1 17 17
2166 5 13 6 6 1 35
2171 7 13 33 33 33 33 16 6
2174 7 13 13 13 16 6 6 6
2175 5 21 6 1 35 17
2176 4 30 21 35 35
2179 7 33 16 19 19 6 6 17
2180 3 30 6 17
2188 6 22 21 21 1 35 17
2189 5 33 21 35 35 17
2190 7 3 13 33 16 21 35 35
2192 7 13 13 16 16 1 35 17
2204 7 13 33 33 16 19 35 17
2205 6 3 13 21 21 6 17
2206 7 13 33 21 21 6 1 1
2207 7 33 16 19 19 21 6 6
2209 5 21 21 21 6 6
2220 7 13 19 6 6 1 1 35
2221 7 33 16 19 21 6 6 1
2222 7 30 21 21 6 6 1 17
2224 7 13 33 16 6 6 1 35
2238 4 21 21 6 17
2239 7 33 33 33 16 19 35 17
2241 5 13 33 21 35 35
2243 7 13 16 19 21 21 1 17
2254 6 16 19 21 1 1 17
2259 7 3 21 21 21 6 1 35
2260 5 10 33 1 1 35
2262 7 13 13 21 21 21 35 17
2263 6 10 21 1 1 1 17
2271 7 30 33 16 16 21 21 21
2273 7 19 21 21 6 35 35 17
2276 7 21 21 6 1 35 17 17
2281 7 13 16 16 21 6 1 17
2282 5 19 6 35 35 17
2283 7 3 21 21 21 6 1 35
2285 7 30 21 21 6 6 6 1
2294 7 33 33 33 33 21 6 6
2295 6 3 33 33 19 6 35
2296 5 10 6 1 17 17
2297 7 13 33 21 21 21 6 1
2298 7 33 33 33 19 6 1 1
2299 5 16 21 21 1 35
2301 7 19 21 21 21 6 6 6
2303 6 16 16 16 21 6 6
2304 7 33 16 21 6 6 6 1
2308 7 30 33 16 16 16 19 19
2309 7 10 33 33 33 33 36 19
2312 7 13 16 1 1 1 35 17
2314 7 3 13 33 16 19 1 1
2329 5 13 13 13 33 16
2331 7 3 33 16 21 6 1 35
2332 6 13 33 1 1 35 17
2333 7 10 33 33 33 21 6 17
2345 7 13 33 21 6 1 35 17
2347 2 21 17
2348 7 13 33 19 6 35 35 35
2349 7 13 33 6 1 35 35 17
2350 6 10 21 6 6 1 35
2363 7 33 16 21 21 6 1 35
2365 5 30 21 17 17 17
2366 5 3 33 6 6 17
2373 7 3 19 19 21 21 6 1
2380 7 16 19 19 21 6 35 35
2381 6 33 33 16 16 21 6
2382 7 3 13 33 19 19 6 6
2388 7 13 13 13 21 6 6 1
2389 7 33 33 21 6 1 35 35
2393 4 21 6 35 17
2396 5 33 21 6 6 17
2397 7 10 13 16 19 21 6 6
2405 7 3 13 16 21 6 6 17
2407 7 13 33 21 21 6 1 17
2420 7 30 10 13 19 21 6 1
2421 6 16 19 6 1 1 1
2422 5 13 1 35 35 35
2431 5 21 21 6 1 1
2432 7 33 33 33 33 33 16 19
2436 7 10 13 33 21 21 21 1
2443 7 10 33 33 33 6 6 1
2445 7 30 33 33 33 19 21 6
2448 6 21 21 6 35 35 17
2451 7 13 13 33 21 21 6 6
2456 5 13 13 33 17 17
2459 6 13 16 35 35 35 35
2460 7 30 13 33 33 16 21 6
2461 7 33 33 33 21 6 1 17
2466 7 3 16 6 1 1 35 17
2468 7 3 13 16 21 21 35 17
2482 7 30 21 21 6 1 35 35
2484 7 19 19 1 1 1 17 17
2485 5 3 6 6 17 17
2491 5 13 13 21 1 35
2492 6 21 21 6 6 17 17
2493 7 13 13 16 19 19 21 6
2500 7 33 19 21 6 1 1 35
2501 4 21 21 6 17
2502 7 3 22 21 6 6 1 35
2503 7 13 33 19 21 21 6 35
2504 6 21 21 1 1 35 17
2505 7 13 33 16 19 1 35 17
2520 7 10 13 13 16 19 21 35
2521 7 13 13 33 36 16 21 21
2522 7 16 16 19 21 1 1 1
2530 7 13 13 13 16 6 35 35
2531 7 13 13 16 19 19 6 6
2533 7 33 16 16 21 6 6 1
2535 7 10 16 21 21 1 35 35
2538 7 13 33 16 21 21 6 1
2539 7 13 13 33 16 19 21 6
2540 5 16 16 21 1 35
2542 5 13 6 6 1 35
2543 7 30 10 13 16 16 19 21
2550 7 10 13 33 33 16 16 19
2552 7 33 33 19 19 6 6 17
2553 7 13 13 16 19 21 21 6
2555 7 33 16 21 21 21 21 21
2556 7 13 33 33 21 21 6 1
2558 6 21 21 6 1 17 17
2564 7 30 33 19 19 21 35 17
2568 3 10 35 17
2570 7 33 16 19 6 6 17 17
2573 6 3 13 13 16 16 35
2576 7 30 16 16 16 1 1 35
2587 7 30 22 21 21 6 1 35
2589 7 33 33 19 21 6 1 1
2590 7 13 33 16 19 19 6 6
2591 7 30 33 16 16 19 6 1
2592 7 33 21 6 1 35 17 17
2599 6 13 33 16 21 6 1
2600 7 33 19 21 1 1 1 35
2603 6 33 16 6 6 6 35
2605 3 21 35 17
2606 7 21 21 21 6 35 35 17
2607 6 3 30 33 6 1 1
2614 5 21 21 35 35 17
2619 7 13 19 6 6 1 1 35
2621 6 33 33 21 21 17 17
2624 2 1 17
2629 7 21 6 6 1 1 1 35
2630 7 3 13 16 1 1 17 17
2632 7 10 13 33 16 21 6 6
2637 6 13 33 16 16 1 1
2640 7 13 13 33 36 16 16 19
2641 6 3 13 1 35 17 17
2648 5 21 21 6 17 17
2655 7 22 13 13 33 6 6 1
2656 7 33 33 33 16 19 19 35
2657 7 3 30 13 16 21 21 21
2664 7 13 33 21 21 21 6 6
2675 5 33 16 21 21 6
2685 7 13 16 16 21 6 6 35
2686 7 13 13 13 16 16 19 21
2687 7 30 13 16 21 6 1 35
2688 7 13 33 19 21 21 21 1
2694 7 16 16 16 19 6 6 1
2695 6 13 21 21 6 6 17
2696 7 30 13 33 33 16 21 6
2697 7 33 16 16 16 19 19 21
2698 5 10 33 1 35 17
2700 7 13 13 16 19 21 6 17
2701 7 16 16 16 21 21 21 6
2702 7 33 33 16 16 35 17 17
2703 6 3 13 21 1 1 35
2707 7 13 33 19 19 6 35 35
2710 6 13 13 16 16 35 17
2711 2 21 6
2719 7 3 3 19 1 1 35 35
2728 5 13 21 6 6 6
2733 4 10 1 35 35
2734 7 13 33 16 21 21 6 35
2737 7 13 13 33 33 33 16 35
2738 4 21 21 21 1
2741 7 13 33 19 19 21 1 35
2753 7 13 13 19 21 6 6 1
2754 7 3 13 33 19 21 1 35
2755 7 33 33 16 1 35 35 17
2756 7 3 13 13 13 6 1 1
2757 7 21 21 6 6 35 35 17
2769 5 22 6 35 17 17
2770 7 3 13 13 16 1 1 35
2771 7 13 33 19 21 6 6 1
2772 7 30 33 33 16 21 21 1
2785 7 13 33 19 19 6 1 35
2786 7 3 10 13 33 16 1 35
2787 5 1 35 35 35 17
2795 3 10 21 17
2802 7 13 33 33 21 21 6 1
2803 7 13 33 33 16 19 6 17
2804 7 30 13 13 21 1 1 17
2813 6 21 21 6 1 1 1
2816 7 16 19 19 21 21 6 6
2819 6 3 19 21 6 1 1
2820 7 30 16 16 16 19 6 1
2824 7 21 21 21 6 6 6 17
2829 5 19 21 1 1 35
2830 7 3 13 33 19 21 35 17
2834 6 13 13 33 21 17 17
2835 5 3 33 16 21 6
2844 4 21 1 35 17
2845 7 10 19 19 21 21 6 35
2846 4 13 33 21 6
2849 6 10 13 33 6 35 17
2853 7 22 13 36 16 19 21 1
2864 7 3 13 13 16 19 21 6
2865 5 13 13 6 6 1
2869 7 33 16 19 1 1 35 35
2870 5 13 16 19 35 17
2872 7 13 13 33 21 6 35 17
2876 7 13 16 21 35 35 35 17
2877 7 13 33 33 33 21 6 35
2878 6 10 13 21 6 1 35
2880 5 13 13 6 35 17
2883 7 16 16 16 21 21 1 17
2886 7 19 21 6 6 1 1 35
2888 4 6 6 35 17
2889 5 10 1 1 1 35
2890 6 33 16 19 21 21 6
2896 7 33 33 21 21 6 35 17
2897 7 13 13 13 33 16 19 21
2898 6 13 33 6 1 35 17
2899 5 13 33 33 21 21
2900 5 1 35 35 35 17
2901 7 30 10 13 19 19 21 1
2912 7 10 13 21 6 1 1 1
2913 6 3 13 33 21 6 17
2914 7 13 33 16 19 1 35 35
2924 6 3 19 35 35 17 17
2928 7 13 13 33 33 21 6 17
2931 7 13 13 33 16 16 19 21
2941 3 1 35 17
2942 7 13 13 36 36 19 21 6
2943 7 3 13 16 19 21 21 6
2947 7 21 6 6 35 35 17 17
2948 7 13 16 16 19 21 6 6
2949 7 13 19 19 21 6 1 1
2951 7 13 16 16 19 21 1 35
2958 7 30 13 33 16 16 6 1
2959 4 13 13 6 35
2961 7 33 33 19 21 6 1 35
2962 6 33 16 21 6 1 17
2965 3 13 33 1
2967 7 10 33 21 6 1 35 17
2971 7 3 33 21 6 1 35 17
2977 7 10 13 33 21 6 1 17
2978 7 33 1 1 35 35 17 17
2979 6 33 21 21 1 1 17
2981 7 30 13 33 33 16 1 35
2985 5 33 16 21 35 17
2986 7 33 16 19 35 35 17 17
2987 3 6 17 17
2988 7 13 33 19 19 21 1 1
2989 7 13 21 21 21 6 6 1
2990 4 3 6 6 35
3002 5 13 21 6 1 1
3004 7 30 10 13 13 13 6 17
3005 7 33 33 33 33 19 6 1
3015 7 13 33 33 6 6 35 17
3017 7 13 16 16 16 19 6 1
3018 7 13 16 16 19 19 6 1
3024 7 33 16 21 21 6 35 35
3025 7 3 16 21 6 1 35 17
3026 7 13 16 21 1 1 1 35
3027 7 3 13 33 16 21 21 6
3042 7 33 33 16 21 6 35 17
3043 6 33 19 21 21 21 35
3044 7 3 13 16 16 21 1 35
3045 4 13 21 1 17
3046 5 16 19 21 1 35
3059 7 33 16 1 1 35 17 17
3060 7 13 33 33 21 21 6 1
3061 7 10 10 13 19 1 35 35
3062 7 3 33 19 21 21 1 35
3076 7 10 13 33 21 21 1 1
3079 7 13 13 36 21 21 1 1
3081 5 13 16 21 6 6
3084 7 3 13 33 16 21 35 35
3085 7 13 33 19 21 6 6 1
3086 7 16 19 21 6 6 1 35
3089 4 13 21 6 6
3090 6 19 6 6 1 1 1
3094 6 3 13 21 21 1 17
3095 7 33 16 21 21 6 35 17
3096 6 30 21 1 1 35 35
3097 7 13 16 19 21 1 1 35
3099 5 10 33 21 6 6
3100 7 13 21 21 6 1 35 17
3103 3 3 35 17
3108 7 13 33 19 19 6 6 1
3110 7 16 21 21 21 6 6 6
3111 7 13 33 33 16 21 6 35
3113 7 33 16 19 21 6 6 1
3119 7 13 13 33 16 6 1 35
3120 4 33 33 21 1
3121 7 33 33 19 19 21 6 1
3122 6 3 13 16 16 6 35
3132 7 16 19 19 6 1 1 1
3134 6 22 21 6 1 17 17
3136 7 3 13 16 19 6 1 35
3137 7 22 33 33 21 1 35 35
3138 7 13 13 33 19 19 19 21
3140 7 13 13 13 33 36 19 21
3152 7 16 21 1 1 1 1 1
3157 7 3 13 33 6 1 1 17
3160 7 13 33 16 6 1 35 35
3171 6 3 21 21 21 6 17
3172 5 13 21 6 6 17
3174 4 13 13 19 17
3182 4 1 35 35 17
3184 5 13 21 6 1 35
3185 5 33 33 16 6 35
3186 5 19 1 1 35 35
3187 7 10 13 21 6 35 17 17
3191 7 3 33 16 19 6 6 1
3195 7 3 13 16 19 6 6 6
3201 6 13 16 19 6 17 17
3202 6 13 13 21 35 35 17
3203 5 6 6 6 17 17
3205 7 13 13 21 21 1 35 17
3206 5 3 13 33 21 1
3209 7 30 6 6 6 6 6 1
3210 6 13 21 21 1 1 35
3217 5 21 1 17 17 17
3220 7 16 19 19 21 6 1 35
3222 7 3 33 21 21 6 1 1
3224 7 13 13 19 6 6 1 35
3225 6 10 33 6 6 17 17
3236 7 33 33 16 21 1 17 17
3250 6 10 21 21 6 1 35
3252 6 13 21 35 17 17 17
3253 6 33 1 35 17 17 17
3256 4 3 6 1 35
3257 4 13 6 35 17
3258 4 3 21 1 1
3270 7 22 6 35 35 35 35 17
3272 7 30 33 21 1 1 1 35
3273 5 30 10 1 35 35
3281 7 30 13 13 16 16 19 17
3283 4 13 21 1 35
3286 4 21 21 35 35
3288 6 13 21 6 6 1 35
3295 7 33 16 16 19 21 6 6
3296 7 3 33 21 21 6 6 35
3297 7 30 13 33 16 16 35 35
3313 7 3 13 13 33 1 1 35
3322 5 10 33 33 6 17
3329 7 33 33 16 21 6 1 1
3330 7 3 3 30 13 33 1 17
3344 7 30 33 21 21 21 35 17
3346 5 10 16 21 6 6
3349 6 13 6 1 35 17 17
3359 7 33 21 6 6 6 35 35
3365 7 16 19 21 21 21 35 17
3367 7 3 22 33 33 33 19 19
3368 6 10 16 19 6 1 17
3369 7 33 19 19 19 6 6 35
3370 7 22 13 16 16 19 19 1
3373 7 33 33 33 19 21 21 1
3374 7 13 16 16 21 21 6 1
3376 5 16 6 1 35 17
3379 4 3 6 1 35
3380 7 13 13 33 19 1 35 35
3386 5 3 16 21 1 17
3394 7 30 21 6 1 1 1 1
3397 7 33 33 6 6 6 1 35
3400 7 21 21 21 1 1 35 35
3401 7 3 33 33 21 6 6 1
3403 7 21 21 21 6 35 17 17
3404 7 13 16 19 19 21 17 17
3417 6 16 19 6 6 6 6
3418 7 22 13 13 33 33 16 19
3420 7 13 16 19 21 21 1 35
3421 6 13 13 19 1 1 35
3428 7 13 33 33 16 16 21 6
3431 7 33 16 19 35 17 17 17
3432 7 13 13 33 33 33 16 6
3434 7 3 13 33 33 33 16 21
3437 7 13 13 16 19 19 6 6
3442 3 33 1 35
3448 7 16 16 19 21 21 1 1
3449 7 13 13 33 19 19 19 19
3450 7 3 13 16 19 1 1 35
3452 7 13 13 1 35 35 17 17
3455 6 16 16 19 6 6 17
3464 7 10 13 33 16 19 19 21
3465 6 33 6 1 1 35 17
3469 7 13 13 33 21 21 35 35
3473 7 33 33 16 19 21 21 6
3478 6 13 33 33 33 19 35
3485 6 13 33 16 21 21 1
3487 7 13 13 33 1 1 35 35
3488 7 3 3 13 33 21 1 35
3500 6 6 6 35 35 35 17
3501 7 13 13 33 1 1 35 17
3502 7 3 22 13 33 33 16 6
3503 7 19 21 21 21 1 1 35
3504 7 30 16 6 6 1 35 35
3507 7 13 33 33 33 16 19 19
3518 7 13 19 21 21 6 1 17
3520 4 33 6 6 35
3522 4 6 35 35 17
3527 2 22 35
3528 5 33 21 6 1 35
3529 4 30 33 1 1
3532 4 16 19 1 1
3535 5 13 21 1 1 17
3536 7 10 10 33 33 16 16 6
3537 6 13 21 21 6 1 1
3544 7 10 22 21 6 1 1 35
3545 4 22 33 21 17
3550 2 10 17
3557 6 33 33 16 19 19 17
3560 7 13 13 33 16 6 1 1
3561 7 3 30 13 33 16 19 1
3571 7 16 21 21 6 6 1 35
3575 7 3 13 13 16 16 19 21
3576 7 3 30 13 13 33 33 6
3590 7 3 33 19 6 35 35 17
3591 7 22 22 21 21 35 17 17
3602 3 21 21 35
3604 7 13 33 19 6 6 1 35
3607 6 13 21 21 21 21 35
3609 6 3 10 13 21 6 6
3619 6 33 19 19 1 35 35
3623 4 13 1 1 35
3624 7 3 13 13 33 33 6 35
3625 7 3 33 16 6 6 6 35
3638 2 21 6
3639 7 3 13 19 19 21 1 1
3640 7 13 33 16 16 21 1 35
3642 4 10 6 6 1
3643 6 10 13 21 21 6 6
3656 6 33 16 21 6 35 35
3657 7 33 21 21 6 1 1 1
3660 5 10 33 33 35 35
3668 5 13 33 6 1 17
3670 6 33 33 19 21 17 17
3671 7 13 21 6 1 1 1 35
3672 7 13 13 33 33 16 6 6
3673 7 33 16 19 21 1 17 17
3674 7 33 33 19 21 1 17 17
3675 7 16 19 21 35 35 17 17
3677 7 16 16 19 21 1 1 35
3679 6 13 33 33 21 6 35
3680 7 16 21 21 6 1 35 35
3681 7 3 13 33 33 16 19 19
3683 7 30 16 19 6 6 6 6
3686 7 13 13 33 6 6 1 1
3687 7 13 13 33 33 21 17 17
3689 5 10 33 6 1 17
3693 7 13 19 6 6 1 1 17
3695 6 13 13 33 35 17 17
3696 7 10 33 16 19 21 21 35
3697 3 6 17 17
3699 7 19 21 6 1 1 1 1
3709 7 13 13 6 6 1 35 35
3710 4 21 21 21 35
3712 7 33 33 16 21 6 6 6
3713 7 16 16 19 21 6 1 17
3714 6 13 6 6 35 17 17
3715 7 13 13 33 33 16 35 17
3716 5 3 13 16 1 17
3724 7 10 13 33 21 21 6 1
3725 4 6 1 35 17
3726 6 33 21 1 35 17 17
3728 5 33 16 19 6 1
3729 7 13 21 21 1 35 35 17
3730 7 30 22 13 33 6 6 1
3732 7 13 33 16 1 35 35 17
3733 7 33 16 21 6 6 1 1
3734 3 1 1 1
3737 4 13 21 1 35
3739 6 10 6 1 1 17 17
3747 5 10 13 6 1 17
3751 3 21 21 1
3753 6 3 3 6 6 35 17
3770 7 33 16 21 21 6 1 35
3771 7 10 22 13 13 33 21 1
3782 7 13 19 6 6 1 35 17
3784 5 21 1 17 17 17
3787 6 33 33 6 1 17 17
3788 7 30 13 16 6 6 6 6
3789 6 13 21 35 17 17 17
3790 7 3 13 13 16 21 6 1
3800 7 13 13 33 16 35 17 17
3803 4 6 35 17 17
3804 6 3 3 13 16 35 17
3809 7 33 16 19 6 1 35 35
3815 4 19 6 1 17
3818 6 30 10 13 33 6 1
3820 7 19 21 21 35 35 17 17
3826 7 13 33 19 6 6 1 35
3838 7 13 19 19 19 1 35 35
3841 7 13 33 16 16 1 35 17
3842 7 3 13 16 21 1 1 1
3843 7 13 19 21 21 21 6 1
3847 7 13 33 19 6 6 1 1
3858 4 3 13 21 6
3860 7 3 3 13 19 1 1 35
3874 7 21 6 1 1 1 1 35
3875 7 10 10 22 13 33 33 21
3877 7 30 33 33 16 16 19 21
3894 7 30 10 13 13 13 33 19
3895 7 13 13 33 16 19 19 1
3900 7 13 33 33 33 19 6 6
3901 7 3 3 21 6 6 35 17
3907 7 33 33 16 21 6 6 6
3910 6 19 21 21 1 35 17
3916 7 13 33 36 16 16 19 19
3917 5 30 30 10 13 17
3918 2 10 6
3927 7 16 19 21 21 6 1 35
3930 5 30 13 13 1 17
3940 7 10 10 13 13 33 19 21
3944 7 3 33 33 16 19 1 17
3946 5 13 33 16 19 19
3948 7 13 13 13 33 21 6 6
3950 7 13 13 21 6 6 35 35
3958 5 10 6 1 1 17
3959 7 13 33 16 21 21 6 1
3961 7 13 21 21 1 17 17 17
3962 7 19 21 6 6 6 6 17
3963 7 36 16 19 19 21 6 1
3970 3 13 6 35
3972 6 10 33 16 21 35 35
3978 4 10 21 35 17
3979 5 13 21 6 1 17
3980 7 21 6 6 1 17 17 17
3981 7 30 10 13 19 1 1 17
3987 6 22 21 6 35 17 17
3988 4 30 6 35 35
3989 4 30 21 21 6
3990 7 10 21 21 6 6 35 17
3991 3 16 21 17
3992 3 21 1 17
3995 4 30 21 6 17
3996 5 21 6 1 1 35
3998 7 13 13 33 16 6 6 6
4000 5 19 21 6 35 17
4001 3 16 19 6
4002 7 10 33 21 6 1 35 17
4003 7 16 21 21 1 1 35 35
4004 7 10 13 13 33 16 6 6
4012 3 30 1 35
4013 7 33 16 16 19 19 6 35
4018 2 13 6
4019 6 33 16 16 16 35 35
4021 7 3 13 33 33 16 16 19
4028 7 10 33 33 16 35 17 17
4037 7 33 33 16 6 6 1 1
4038 5 30 17 17 17 17
4045 6 33 21 6 1 35 17
4052 7 10 16 19 21 6 1 35
4053 6 16 16 6 6 35 17
4054 7 22 33 6 1 35 17 17
4059 6 13 13 13 16 21 6
4070 4 33 21 17 17
4071 7 3 13 6 35 35 35 35
4078 7 33 19 21 21 6 1 1
4079 7 30 16 19 1 1 35 17
4080 6 1 1 35 35 17 17
4084 5 3 21 6 35 35
4085 6 3 10 21 21 35 17
4099 5 10 13 21 21 6
4100 7 16 16 21 21 6 6 6
4102 7 33 16 16 21 1 35 35
4108 7 13 16 19 21 21 21 1
4119 7 30 22 13 6 1 35 17
4121 6 21 21 21 21 6 17
4122 7 13 33 21 21 21 1 35
4123 7 33 19 19 21 21 21 6
4125 7 30 13 33 33 6 35 35
4133 5 33 33 16 6 1
4135 6 22 13 21 1 1 35
4138 7 13 13 33 16 19 21 21
4139 4 30 33 1 17
4140 7 13 33 16 19 6 6 1
4141 7 13 13 6 6 1 1 35
4144 3 13 16 1
4146 5 22 21 6 35 17
4147 7 16 6 35 35 17 17 17
4148 7 3 13 13 33 16 16 6
4149 7 16 6 6 6 35 35 17
4152 4 30 21 6 35
4159 4 21 6 35 17
4162 7 33 19 19 1 1 35 17
4163 7 30 13 33 21 21 6 6
4165 7 22 13 33 33 19 19 21
4166 7 33 19 6 1 1 35 17
4167 7 33 16 16 19 6 1 17
4177 7 13 33 33 21 6 6 17
4179 7 3 13 33 16 21 6 35
4183 4 33 21 1 35
4194 7 13 13 33 21 21 35 17
4195 7 10 33 33 33 1 35 35
4198 7 33 33 19 6 6 35 17
4209 7 13 21 6 6 6 6 35
4210 7 33 16 16 19 21 6 35
4211 5 33 19 1 1 17
4212 5 6 1 1 1 17
4213 5 30 13 21 1 17
4219 6 13 19 21 35 35 17
4220 7 13 33 16 1 1 1 35
4221 4 1 35 35 17
4223 7 16 16 19 21 6 6 1
4224 3 21 21 1
4225 7 13 13 13 19 21 6 6
4227 7 10 13 33 33 16 19 21
4229 6 13 33 16 19 6 1
4236 6 13 13 33 1 17 17
4237 7 10 10 13 33 6 6 6
4244 3 1 35 17
4245 7 13 33 16 19 19 21 1
4246 7 13 13 21 6 6 1 1
4249 5 13 19 35 17 17
4251 5 13 16 6 1 35
4253 7 13 21 21 6 35 35 35
4255 4 16 1 1 17
4258 6 13 1 1 17 17 17
4259 4 13 35 35 17
4260 7 30 30 33 33 16 35 17
4266 6 10 21 1 1 35 17
4268 7 16 19 19 21 21 21 21
4269 6 16 21 6 6 35 17
4270 7 33 16 19 19 19 21 6
4271 7 13 13 33 33 16 16 19
4272 5 33 6 1 17 17
4274 7 30 13 33 6 6 6 6
4275 7 33 33 33 16 21 1 35
4283 7 30 33 16 16 21 6 35
4287 7 13 33 21 21 21 1 35
4288 7 13 33 19 19 19 19 6
4289 7 3 13 16 16 16 21 6
4290 7 19 19 21 6 6 35 35
4303 5 10 21 21 1 35
4305 6 13 6 1 35 17 17
4306 7 3 30 21 6 1 1 35
4323 7 33 33 33 33 16 16 21
4324 7 33 16 19 19 21 6 1
4335 7 33 16 16 21 21 21 1
4336 5 10 13 1 1 17
4338 7 13 33 21 21 6 6 35
4345 7 13 13 13 33 19 6 1
4346 6 33 16 19 21 6 17
4347 7 16 16 19 1 1 35 17
4348 7 33 16 19 21 21 21 6
4349 7 13 33 33 21 21 21 6
4351 4 10 35 17 17
4355 7 33 21 21 6 35 17 17
4356 7 21 21 6 1 1 1 17
4358 2 35 17
4359 7 13 33 33 19 6 1 35
4360 7 30 10 33 16 19 19 21
4364 7 3 33 21 21 6 1 1
4365 6 13 21 1 1 1 1
4373 7 30 13 33 33 33 6 35
4380 7 3 13 16 1 35 17 17
4383 7 13 13 19 21 21 6 1
4387 7 16 16 19 21 21 6 35
4388 6 22 13 13 21 6 1
4396 7 16 19 21 21 6 1 35
4397 7 13 16 16 6 6 1 35
4398 7 3 22 13 6 6 35 35
4400 2 10 33
4408 6 13 21 21 1 35 35
4414 6 3 30 21 6 35 17
4420 4 21 6 1 35
4422 7 13 16 19 35 35 17 17
4423 7 13 13 19 19 19 19 19
4424 3 10 35 17
4429 7 13 33 33 16 16 19 6
4430 4 3 21 6 35
4433 7 13 33 16 16 21 6 6
4437 7 13 16 19 21 6 1 17
4438 6 13 33 33 21 35 17
4446 6 33 16 21 6 35 17
4448 4 22 13 21 21
4451 7 13 16 19 21 6 1 17
4459 7 33 36 1 1 1 17 17
4461 7 10 33 16 21 1 35 35
4464 7 13 33 19 21 21 1 1
4465 4 13 13 16 17
4466 7 13 16 19 21 6 6 1
4467 7 33 1 35 35 17 17 17
4468 7 16 16 19 19 21 21 35
4469 7 13 13 33 16 6 35 35
4471 7 13 33 33 33 16 16 35
4473 7 33 19 19 21 21 17 17
4474 7 10 19 19 21 21 1 1
4480 5 13 21 6 6 1
4481 4 10 13 35 17
4482 7 3 13 21 21 1 1 1
4483 7 19 21 21 21 6 1 1
4484 2 22 1
4486 7 13 33 16 16 6 35 35
4488 7 13 13 16 21 21 1 35
4492 4 33 33 16 35
4493 7 33 33 1 35 17 17 17
4494 7 13 13 6 6 1 1 1
4496 5 21 6 6 1 1
4497 7 33 16 16 21 6 35 35
4500 4 13 13 33 1
4501 5 13 13 13 16 19
4504 7 33 21 21 21 35 35 17
4505 7 16 19 21 1 35 35 35
4507 7 13 21 21 21 21 35 35
4509 5 16 16 19 1 17
4511 6 33 21 1 1 17 17
4513 7 13 33 16 21 1 1 35
4514 5 13 1 1 17 17
4516 7 10 33 6 1 17 17 17
4517 7 3 13 33 16 16 6 35
4518 7 13 33 33 33 16 21 21
4520 6 13 21 6 1 35 17
4522 7 13 33 19 19 6 1 35
4524 6 3 33 1 1 35 17
4528 7 13 33 33 6 1 1 35
4534 6 33 33 16 16 6 1
4538 2 17 17
4539 7 10 13 33 6 1 1 1
4541 7 13 33 16 16 21 21 35
4544 6 13 6 35 17 17 17
4548 6 19 6 1 35 35 17
4549 7 10 16 19 21 6 6 1
4551 7 3 13 13 33 21 21 35
4558 5 13 21 6 1 35
4559 7 13 16 16 6 1 35 17
4560 3 13 33 16
4562 7 10 21 21 6 35 17 17
4563 6 10 16 21 6 1 17
4565 7 13 16 19 19 1 1 35
4567 7 33 21 21 21 21 1 35
4570 4 6 6 35 17
4571 7 22 21 21 6 35 35 35
4573 7 33 33 21 6 6 1 35
4574 7 30 30 33 21 1 35 35
4582 7 13 16 19 21 6 6 35
4584 7 13 19 19 21 1 1 1
4586 7 13 13 33 21 6 6 1
4587 7 10 33 19 19 21 21 6
4588 7 3 10 13 33 33 33 17
4597 6 33 6 1 1 35 17
4598 4 6 1 35 17
4599 7 13 33 33 16 21 1 17
4600 6 33 6 6 1 35 17
4601 5 10 13 16 6 17
4602 7 13 16 19 19 19 21 6
4605 3 13 6 6
4606 7 33 33 33 16 19 21 35
4615 4 33 33 21 35
4622 7 30 13 33 21 21 6 1
4624 7 33 16 16 16 16 35 17
4633 7 3 33 6 6 1 35 17
4635 6 13 33 33 21 6 1
4637 7 13 33 33 21 21 21 17
4644 7 13 6 1 35 35 17 17
4645 7 3 13 13 16 19 19 21
4647 5 3 13 13 33 6
4652 6 21 1 1 1 1 35
4661 7 13 33 33 16 16 6 6
4662 7 3 21 21 21 21 1 35
4663 3 3 21 35
4679 7 22 33 33 33 33 16 16
4681 7 13 13 16 19 19 21 21
4691 4 16 16 19 1
4692 5 13 16 1 35 35
4693 7 33 16 16 19 19 21 21
4694 6 13 13 33 21 35 35
4695 4 21 21 1 35
4696 7 3 33 33 21 21 21 6
4697 7 13 33 21 21 6 1 35
4698 7 3 16 21 6 6 1 35
4702 7 13 13 19 1 35 17 17
4709 5 13 6 6 1 17
4710 7 13 13 33 16 6 1 1
4711 7 16 21 21 21 1 1 17
4712 7 13 19 19 6 6 6 1
4713 5 3 33 21 6 17
4726 5 30 13 33 6 1
4729 7 13 33 16 16 19 21 17
4731 6 3 33 33 21 1 1
4732 7 30 13 33 6 6 1 17
4742 2 21 6
4745 6 13 19 35 35 17 17
4746 7 13 19 19 21 6 35 17
4747 5 3 13 21 6 35
4748 7 13 33 19 21 6 35 35
4749 7 33 33 33 16 19 19 19
4750 7 13 16 16 19 1 1 17
4756 6 13 16 21 35 17 17
4761 7 33 16 16 19 19 19 1
4762 7 16 21 21 6 1 1 1
4765 3 30 33 35
4766 3 35 35 17
4773 4 13 33 16 16
4774 6 10 21 6 6 17 17
4778 5 13 6 1 35 17
4779 3 6 6 6
4781 5 13 6 6 35 17
4789 7 3 33 19 6 6 35 17
4792 7 33 16 19 21 21 21 1
4797 7 30 33 33 6 1 1 35
4801 7 13 16 19 21 6 6 17
4803 7 3 21 6 1 1 35 17
4805 3 3 6 35
4806 7 13 16 19 21 6 6 1
4807 5 13 1 35 17 17
4819 5 13 21 6 1 35
4820 7 3 13 16 21 6 6 1
4823 6 30 21 6 1 35 17
4838 7 3 13 19 19 6 1 1
4854 7 3 19 19 6 6 1 1
4857 4 21 21 6 35
4869 4 10 6 35 17
4870 7 10 13 13 21 21 6 6
4877 7 16 19 19 19 21 6 1
4879 5 13 21 6 35 35
4880 6 1 1 1 35 17 17
4882 5 3 6 6 35 17
4891 7 13 33 19 21 35 35 17
4892 7 3 30 13 33 16 19 21
4893 7 13 21 6 6 1 1 1
4896 7 13 33 33 21 21 21 1
4898 6 10 21 6 6 35 17
4906 7 13 16 19 21 21 21 6
4907 7 3 33 16 19 19 21 6
4908 7 3 33 6 6 6 17 17
4921 7 13 21 6 6 17 17 17
4922 6 16 16 19 35 35 17
4923 6 6 35 35 35 35 17
4924 6 3 33 1 1 1 17
4925 6 21 21 21 21 35 35
4938 7 33 19 21 21 6 35 17
4939 7 13 33 16 16 16 19 19
4940 7 13 33 16 16 6 6 1
4941 4 10 13 6 35
4942 7 13 33 33 16 21 6 6
4943 7 13 33 19 21 21 21 1
4959 7 16 21 6 1 1 35 17
4961 7 3 33 33 16 19 19 21
4962 6 13 16 19 6 1 1
4966 3 10 21 1
4970 7 16 19 19 21 6 6 6
4975 7 10 33 33 21 6 1 1
4976 4 3 6 1 35
4978 6 16 19 19 21 17 17
4995 6 13 33 1 35 17 17
4996 7 33 33 33 16 19 19 6
4997 7 13 13 16 19 6 1 1
4998 7 13 13 33 16 19 21 21